1521
3275
4370
5081
5492
5544
7377
7813
9540
11817
13623
18825
18927
21903
23212
23365
23436
23863
23900
24094
24247
25951
24347
24348
24396
24448
24602
24610
24629
24697
24698
24795
24890
24970
25004
25026
25054
25103
25105
25111
25113
25122
25123
25124
25126
25136
25137
25138
25142
25143
25145
25147
25186
25212
25224
25231
25241
25244
25246
25292
25359
25421
25428
25437
25489
25498
25524
25530
25544
25548
25552
25554
25557
25558
25572
25716
25721
25749
25919
25920
25947
25967
26018
26024
26046
26047
26048
26050
26071
26083
26121
26199
26647
26648
26649
26663
26664
26667
26671
26672
26684

